2
132
-0.024938 -0.007323 2.960001;-nan -nan -nan;-nan -nan -nan
-0.024800 -0.007323 2.960001;1.910768 -0.000072 0.000000;-nan -nan -nan
-0.024662 -0.007323 2.960001;2.108006 -0.000086 0.000000;-nan -nan -nan
-0.024524 -0.007323 2.960001;2.352348 -0.000102 0.000000;-nan -nan -nan
-0.024385 -0.007323 2.960001;2.654930 -0.000119 0.000000;-nan -nan -nan
-0.024247 -0.007323 2.960001;3.030343 -0.000137 0.000000;-nan -nan -nan
-0.024109 -0.007323 2.960001;3.499436 -0.000154 0.000000;-nan -nan -nan
-0.023833 -0.007323 2.960001;4.748989 -0.000181 0.000000;-nan -nan -nan
-0.023695 -0.007392 2.960001;5.628033 -0.000192 0.000000;-nan -nan -nan
-0.023487 -0.007392 2.960001;7.040846 -0.000177 0.000000;-nan -nan -nan
-0.023280 -0.007392 2.960001;8.444380 -0.000155 0.000000;-nan -nan -nan
-0.023004 -0.007392 2.960001;9.877069 -0.000112 0.000000;-nan -nan -nan
-0.022727 -0.007392 2.960001;10.462292 -0.000070 0.000000;-nan -nan -nan
-0.022451 -0.007392 2.960001;10.137464 -0.000036 0.000000;-nan -nan -nan
-0.022244 -0.007392 2.960001;9.573734 -0.000020 0.000000;-nan -nan -nan
-0.021968 -0.007392 2.960001;9.096845 -0.000008 0.000000;-nan -nan -nan
-0.021691 -0.007392 2.960001;9.541617 -0.000003 0.000000;26997.707031 0.352401 0.000000
-0.021415 -0.007392 2.960001;10.445360 -0.000001 0.000000;35811.148438 0.192881 0.000000
-0.021139 -0.007392 2.960001;12.265102 -0.000000 0.000000;42254.042969 0.097793 0.000000
-0.020862 -0.007392 2.960001;13.961842 -0.000000 0.000000;38873.730469 0.045692 0.000000
-0.020586 -0.007392 2.960001;15.178148 0.000000 0.000000;24636.607422 0.020047 0.000000
-0.020310 -0.007392 2.960001;15.771991 0.000000 0.000000;3208.690918 0.008348 0.000000
-0.020033 -0.007392 2.960001;15.486295 0.000000 0.000000;-20164.595703 0.003319 0.000000
-0.019688 -0.007392 2.960001;13.937706 0.000000 0.000000;-41655.265625 0.000927 0.000000
-0.019412 -0.007392 2.960001;11.681271 0.000000 0.000000;-45820.187500 0.000321 0.000000
-0.019135 -0.007392 2.960001;9.522837 0.000000 0.000000;-40484.308594 0.002000 0.000000
-0.018790 -0.007392 2.960001;7.903827 0.000000 0.000000;-31353.748047 0.032902 0.000000
-0.018514 -0.007392 2.960001;7.182343 0.000000 0.000000;-23157.310547 0.217765 0.000000
-0.018099 -0.007392 2.960001;6.583317 0.000000 0.000000;-12323.363281 2.283237 0.000000
-0.017754 -0.007392 2.960001;5.981280 0.000000 0.000000;-2502.674561 10.688247 0.000000
-0.017408 -0.007392 2.960001;5.750085 0.000000 0.000000;11434.992188 44.531151 0.000000
-0.016994 -0.007392 2.960001;6.789953 0.000000 0.000000;33283.234375 179.479462 0.000000
-0.016648 -0.007392 2.960001;9.553544 0.000112 0.000000;51466.535156 490.589600 0.000000
-0.016372 -0.007392 2.960001;12.364944 0.000525 0.000000;60366.535156 990.302551 0.000000
-0.016027 -0.007392 2.960001;14.893973 0.004162 0.000000;52175.410156 2093.172852 0.000000
-0.015750 -0.007392 2.960001;15.789581 0.015203 0.000000;32061.412109 3545.600098 0.000000
-0.015474 -0.007392 2.960001;15.847653 0.049135 0.000000;10156.496094 5542.612305 0.000000
-0.015129 -0.007392 2.960001;14.759869 0.173747 0.000000;-10793.736328 8742.642578 0.000000
-0.014714 -0.007392 2.960001;12.934234 0.592648 0.000000;-13272.615234 13566.250000 0.000000
-0.014438 -0.007392 2.960001;11.003582 1.157496 0.000000;4947.060547 16069.058594 0.000000
-0.014023 -0.007392 2.960001;11.775555 2.341638 0.000000;26204.412109 21261.988281 0.000000
-0.013678 -0.007323 2.960001;14.682183 3.577211 0.000000;29351.361328 23285.736328 0.000000
-0.013333 -0.007184 2.960001;16.249588 4.416317 0.000000;53.849598 14558.803711 0.000000
-0.013056 -0.007184 2.960001;15.908828 4.386714 0.000000;-31161.720703 3907.976318 0.000000
-0.012711 -0.007046 2.960001;13.877772 4.308980 0.000000;-60335.941406 -7144.904785 0.000000
-0.012365 -0.006908 2.960001;10.168077 3.282790 0.000000;-59968.757812 -12348.171875 0.000000
-0.012020 -0.006908 2.960001;6.467595 1.915642 0.000000;-31432.054688 -8019.536621 0.000000
-0.011744 -0.006839 2.960001;5.229138 1.264038 0.000000;-11878.407227 -5235.546387 0.000000
-0.011398 -0.006770 2.960001;5.368205 0.889028 0.000000;7678.708984 -2727.233643 0.000000
-0.011122 -0.006770 2.960001;6.464771 0.846039 0.000000;18566.253906 -1870.722534 0.000000
-0.010846 -0.006701 2.960001;7.632249 0.867782 0.000000;25608.130859 -1593.982422 0.000000
-0.010569 -0.006632 2.960001;8.701806 0.805713 0.000000;29961.576172 -1730.399780 0.000000
-0.010293 -0.006632 2.960001;9.539008 0.677978 0.000000;32887.535156 -1935.011353 0.000000
-0.010017 -0.006632 2.960001;10.311586 0.626297 0.000000;35792.558594 -2185.730957 0.000000
-0.009740 -0.006632 2.960001;11.118984 0.628295 0.000000;38292.406250 -2724.136230 0.000000
-0.009464 -0.006632 2.960001;12.007780 0.652802 0.000000;38612.214844 -3665.175537 0.000000
-0.009188 -0.006563 2.960001;13.663780 0.649894 0.000000;36390.476562 -4853.157227 0.000000
-0.008911 -0.006563 2.960001;15.028850 0.463465 0.000000;25553.935547 -5935.654785 0.000000
-0.008635 -0.006563 2.960001;15.815326 0.311626 0.000000;7536.294434 -6156.162598 0.000000
-0.008359 -0.006563 2.960001;15.804239 0.181497 0.000000;-12784.525391 -5670.761230 0.000000
-0.008082 -0.006563 2.960001;14.945353 0.091207 0.000000;-28585.740234 -4656.348633 0.000000
-0.007806 -0.006563 2.960001;13.430500 0.039518 0.000000;-33905.621094 -3466.124023 0.000000
-0.007530 -0.006563 2.960001;11.692768 0.014802 0.000000;-26193.068359 -2430.352783 0.000000
-0.007253 -0.006563 2.960001;10.312205 0.004787 0.000000;-7441.034668 -1801.495728 0.000000
-0.006977 -0.006563 2.960001;10.523237 0.000785 0.000000;12528.782227 -1794.208862 0.000000
-0.006701 -0.006563 2.960001;12.038047 -0.002419 0.000000;29951.279297 -2544.915283 0.000000
-0.006355 -0.006563 2.960001;14.455756 -0.015130 0.000000;39236.738281 -4791.787598 0.000000
-0.006079 -0.006563 2.960001;15.469169 -0.051100 0.000000;30223.537109 -7945.679199 0.000000
-0.005734 -0.006563 2.960001;15.630494 -0.183775 0.000000;14168.785156 -13574.538086 0.000000
-0.005388 -0.006563 2.960001;14.570926 -0.528322 0.000000;951.311462 -20809.695312 0.000000
-0.005112 -0.006563 2.960001;13.728932 -1.055291 0.000000;-2993.087158 -26652.255859 0.000000
-0.004836 -0.006563 2.960001;14.159040 -1.825164 0.000000;-8904.487305 -32250.591797 0.000000
-0.004490 -0.006563 2.960001;14.824641 -3.007205 0.000000;-20428.654297 -34285.972656 0.000000
-0.004214 -0.006632 2.960001;14.557220 -4.030197 0.000000;-34438.363281 -28971.722656 0.000000
-0.004007 -0.006701 2.960001;13.922965 -4.532451 0.000000;-42996.441406 -22289.447266 0.000000
-0.003730 -0.006839 2.960001;12.550419 -4.819536 0.000000;-48408.304688 -13116.348633 0.000000
-0.003523 -0.006908 2.960001;11.109828 -4.589351 0.000000;-44921.472656 -7785.964355 0.000000
-0.003316 -0.007046 2.960001;9.601692 -4.273777 0.000000;-34788.390625 -4943.969727 0.000000
-0.003109 -0.007115 2.960001;8.464960 -3.872256 0.000000;-20235.521484 -5272.300781 0.000000
-0.002832 -0.007184 2.960001;8.094388 -3.773557 0.000000;107.982132 -8152.963867 0.000000
-0.002556 -0.007323 2.960001;9.021699 -4.223484 0.000000;21754.332031 -13134.052734 0.000000
-0.002349 -0.007461 2.960001;10.856733 -5.035525 0.000000;33958.171875 -16268.708984 0.000000
-0.002003 -0.007599 2.960001;13.614774 -6.164789 0.000000;32340.966797 -13714.835938 0.000000
-0.001727 -0.007737 2.960001;14.385348 -6.532058 0.000000;6971.969238 -2122.520020 0.000000
-0.001451 -0.007806 2.960001;13.984888 -6.307686 0.000000;-17274.953125 8999.659180 0.000000
-0.001174 -0.008013 2.960001;12.383742 -5.721649 0.000000;-35194.523438 17027.908203 0.000000
-0.000898 -0.008082 2.960001;10.307682 -4.559220 0.000000;-33132.203125 16361.084961 0.000000
-0.000622 -0.008290 2.960001;8.005157 -3.694406 0.000000;-14237.164062 6476.950684 0.000000
-0.000345 -0.008359 2.960001;7.778246 -3.765043 0.000000;2349.181885 -2281.049316 0.000000
-0.000069 -0.008566 2.960001;9.078237 -4.590442 0.000000;18495.947266 -11036.856445 0.000000
0.000207 -0.008704 2.960001;11.024158 -5.590775 0.000000;22245.683594 -13202.883789 0.000000
0.000553 -0.008842 2.960001;12.611874 -6.456171 0.000000;9312.536133 -6425.402832 0.000000
0.000829 -0.009050 2.960001;12.351651 -6.537640 0.000000;-10768.318359 5132.360352 0.000000
0.001105 -0.009119 2.960001;11.259171 -5.847957 0.000000;-19054.546875 11978.751953 0.000000
0.001382 -0.009326 2.960001;9.546976 -5.005874 0.000000;-15878.350586 13795.055664 0.000000
0.001658 -0.009395 2.960001;8.328824 -3.947587 0.000000;-2426.230713 10883.750000 0.000000
0.001934 -0.009464 2.960001;8.430224 -3.469889 0.000000;9834.989258 8777.257812 0.000000
0.002141 -0.009602 2.960001;9.243888 -3.327434 0.000000;18569.896484 7616.257812 0.000000
0.002418 -0.009671 2.960001;10.396189 -3.149672 0.000000;23438.904297 7016.976562 0.000000
0.002625 -0.009671 2.960001;11.016235 -3.060464 0.000000;22299.626953 6975.691406 0.000000
0.002901 -0.009740 2.960001;12.054813 -3.042036 0.000000;18595.037109 7655.190430 0.000000
0.003178 -0.009809 2.960001;12.358611 -2.891569 0.000000;10627.115234 8758.099609 0.000000
0.003523 -0.009879 2.960001;11.643497 -2.475555 0.000000;2140.644531 9317.857422 0.000000
0.003799 -0.009948 2.960001;10.024919 -1.936180 0.000000;2704.041992 7667.958496 0.000000
0.004214 -0.010017 2.960001;9.481143 -1.471001 0.000000;9445.576172 5525.866211 0.000000
0.004628 -0.010086 2.960001;10.333496 -1.276752 0.000000;23385.326172 2577.311279 0.000000
0.004974 -0.010086 2.960001;11.706572 -1.273313 0.000000;32162.119141 666.961060 0.000000
0.005457 -0.010155 2.960001;13.774650 -1.531946 0.000000;31678.335938 244.735931 0.000000
0.005872 -0.010224 2.960001;14.468060 -1.419430 0.000000;13970.562500 2689.322754 0.000000
0.006355 -0.010224 2.960001;14.508862 -1.101936 0.000000;-4687.478516 3268.815918 0.000000
0.006839 -0.010293 2.960001;13.297728 -1.145466 0.000000;-4884.388184 1154.062500 0.000000
0.007253 -0.010293 2.960001;12.181126 -1.075055 0.000000;22476.470703 1006.498657 0.000000
0.007668 -0.010362 2.960001;12.878626 -1.426262 0.000000;61881.898438 2448.188232 0.000000
0.008013 -0.010431 2.960001;16.468182 -1.730438 0.000000;83890.882812 5731.981934 0.000000
0.008428 -0.010500 2.960001;19.952909 -1.515245 0.000000;62520.933594 10867.032227 0.000000
0.008773 -0.010500 2.960001;20.988163 -0.947614 0.000000;4124.738770 11197.535156 0.000000
0.009188 -0.010500 2.960001;20.650438 -0.726796 0.000000;-67811.710938 5935.083496 0.000000
0.009464 -0.010500 2.960001;18.782650 -0.793896 0.000000;-104747.679688 1916.763428 0.000000
0.009879 -0.010500 2.960001;15.041742 -0.936444 0.000000;-117085.164062 -1090.908936 0.000000
0.010155 -0.010569 2.960001;11.157142 -0.968696 0.000000;-88801.031250 -970.044800 0.000000
0.010500 -0.010569 2.960001;7.803016 -0.619222 0.000000;-38680.695312 -304.673370 0.000000
0.010777 -0.010638 2.960001;7.265149 -0.394904 0.000000;-3445.912842 383.322052 0.000000
0.011053 -0.010638 2.960001;8.351793 -0.220998 0.000000;24835.693359 996.316528 0.000000
0.011329 -0.010638 2.960001;10.684137 -0.107837 0.000000;43351.855469 1448.540649 0.000000
0.011606 -0.010638 2.960001;13.336018 -0.045610 0.000000;46535.792969 1569.597534 0.000000
0.011951 -0.010638 2.960001;15.568947 -0.012443 0.000000;24873.964844 1308.282715 0.000000
0.012296 -0.010638 2.960001;15.532291 -0.002666 0.000000;-13452.410156 843.657654 0.000000
0.012642 -0.010638 2.960001;13.295348 -0.000450 0.000000;-41782.617188 445.928497 0.000000
0.012918 -0.010638 2.960001;10.743951 -0.000001 0.000000;-47110.531250 242.710785 0.000000
0.013194 -0.010638 2.960001;8.382319 -0.000000 0.000000;-42889.515625 123.366364 0.000000
0.013471 -0.010638 2.960001;6.961776 -0.000000 0.000000;-38731.550781 60.916233 0.000000
0.013747 -0.010638 2.960001;5.854011 0.000000 0.000000;-33256.152344 30.248091 0.000000
63
-0.014645 0.011536 2.960001;-nan -nan -nan;-nan -nan -nan
-0.014507 0.011536 2.960001;2.734323 0.332074 0.000000;-nan -nan -nan
-0.014369 0.011536 2.960001;2.924960 0.396733 0.000000;-nan -nan -nan
-0.014092 0.011536 2.960001;3.285919 0.552704 0.000000;-nan -nan -nan
-0.013885 0.011536 2.960001;3.490574 0.703336 0.000000;-nan -nan -nan
-0.013609 0.011675 2.960001;3.731231 0.948539 0.000000;-nan -nan -nan
-0.013402 0.011675 2.960001;3.801638 1.048678 0.000000;-nan -nan -nan
-0.013125 0.011813 2.960001;3.842209 1.240333 0.000000;-nan -nan -nan
-0.012780 0.011951 2.960001;3.816140 1.353246 0.000000;-nan -nan -nan
-0.012434 0.012089 2.960001;4.181964 1.520550 0.000000;-nan -nan -nan
-0.012089 0.012227 2.960001;5.559231 1.947617 0.000000;-nan -nan -nan
-0.011744 0.012365 2.960001;8.677414 2.947677 0.000000;56894.960938 17875.517578 0.000000
-0.011398 0.012504 2.960001;12.524390 4.207902 0.000000;70751.828125 20994.841797 0.000000
-0.011053 0.012573 2.960001;14.727395 4.870168 0.000000;57185.761719 14205.456055 0.000000
-0.010777 0.012711 2.960001;15.626919 5.275751 0.000000;34818.449219 4095.595459 0.000000
-0.010500 0.012780 2.960001;16.119488 5.257623 0.000000;12704.208008 -6589.596191 0.000000
-0.010224 0.012918 2.960001;16.104912 5.060350 0.000000;-9825.737305 -16869.376953 0.000000
-0.009948 0.012987 2.960001;15.607459 4.471549 0.000000;-25668.964844 -23820.550781 0.000000
-0.009671 0.013056 2.960001;14.526371 3.796505 0.000000;-32552.445312 -26083.623047 0.000000
-0.009326 0.013125 2.960001;12.693414 2.872525 0.000000;-24489.632812 -22516.142578 0.000000
-0.008980 0.013194 2.960001;10.894829 2.050804 0.000000;1539.729980 -13205.707031 0.000000
-0.008704 0.013263 2.960001;11.496883 1.837814 0.000000;20651.964844 -8173.015137 0.000000
-0.008359 0.013333 2.960001;13.466740 1.866106 0.000000;35292.312500 -5058.712891 0.000000
-0.008082 0.013333 2.960001;14.617579 1.820168 0.000000;31063.921875 -5324.112793 0.000000
-0.007806 0.013402 2.960001;15.489184 1.867150 0.000000;17198.015625 -7112.265137 0.000000
-0.007461 0.013402 2.960001;15.861553 1.619753 0.000000;-9475.920898 -10807.676758 0.000000
-0.007184 0.013471 2.960001;15.608359 1.430772 0.000000;-33368.578125 -13369.357422 0.000000
-0.006839 0.013471 2.960001;14.027576 0.876219 0.000000;-53855.660156 -14597.070312 0.000000
-0.006494 0.013471 2.960001;11.027952 0.466463 0.000000;-52678.000000 -11904.649414 0.000000
-0.006079 0.013471 2.960001;6.671488 0.161787 0.000000;-15793.211914 -6025.254883 0.000000
-0.005803 0.013471 2.960001;5.876358 0.068564 0.000000;11612.770508 -3463.805176 0.000000
-0.005457 0.013471 2.960001;6.748432 0.018651 0.000000;50495.031250 -1441.448242 0.000000
-0.005112 0.013471 2.960001;9.620848 0.004160 0.000000;95340.726562 -561.807495 0.000000
-0.004836 0.013471 2.960001;12.516455 0.001061 0.000000;131232.328125 -269.563812 0.000000
-0.004421 0.013471 2.960001;17.674442 0.000000 0.000000;175857.796875 -158.358383 0.000000
-0.004076 0.013471 2.960001;21.939837 0.000000 0.000000;180902.656250 -272.254364 0.000000
-0.003592 0.013471 2.960001;26.615059 -0.000490 0.000000;113821.601562 -905.117493 0.000000
-0.003178 0.013471 2.960001;27.256784 -0.004724 0.000000;-24693.093750 -2174.626709 0.000000
-0.002694 0.013471 2.960001;24.724634 -0.038760 0.000000;-154777.390625 -4264.809570 0.000000
-0.002211 0.013471 2.960001;17.335962 -0.208729 0.000000;-170307.843750 -6907.687012 0.000000
-0.001796 0.013471 2.960001;9.478275 -0.655019 0.000000;-52591.031250 -10387.017578 0.000000
-0.001313 0.013471 2.960001;8.829654 -1.758366 0.000000;53853.429688 -21651.230469 0.000000
-0.000829 0.013333 2.960001;15.071234 -3.690474 0.000000;151648.609375 -36742.859375 0.000000
-0.000276 0.013194 2.960001;23.130621 -5.344918 0.000000;159044.296875 -28614.037109 0.000000
0.000345 0.013056 2.960001;25.353180 -5.414602 0.000000;-441.878418 8445.402344 0.000000
0.000829 0.012987 2.960001;19.793692 -4.160064 0.000000;-108558.500000 24182.582031 0.000000
0.001313 0.012849 2.960001;16.825424 -3.913595 0.000000;-100539.484375 21151.687500 0.000000
0.001934 0.012711 2.960001;13.245522 -2.723516 0.000000;-55173.664062 18908.289062 0.000000
0.002418 0.012642 2.960001;9.991597 -1.452337 0.000000;5489.643555 7969.742188 0.000000
0.003040 0.012573 2.960001;11.979301 -1.184415 0.000000;48536.894531 3965.279053 0.000000
0.003661 0.012504 2.960001;9.162327 -0.365462 0.000000;81208.984375 -2811.394775 0.000000
0.004214 0.012504 2.960001;15.106396 -0.579050 0.000000;147686.203125 -5687.823730 0.000000
0.004697 0.012504 2.960001;20.006426 -1.069256 0.000000;172840.968750 -1740.647705 0.000000
0.005181 0.012434 2.960001;25.439060 -1.359256 0.000000;163587.593750 10553.494141 0.000000
0.005665 0.012434 2.960001;27.704054 -0.552818 0.000000;70931.593750 23944.724609 0.000000
0.006286 0.012434 2.960001;25.299940 -0.107468 0.000000;-51533.613281 13918.711914 0.000000
0.006839 0.012434 2.960001;22.601221 -0.012684 0.000000;-68877.195312 4290.022461 0.000000
0.007253 0.012434 2.960001;21.914429 -0.001720 0.000000;-65877.382812 1451.874878 0.000000
0.007737 0.012434 2.960001;20.133472 0.000000 0.000000;-73238.265625 342.229248 0.000000
0.008082 0.012434 2.960001;19.207663 0.000000 0.000000;-78633.585938 115.354942 0.000000
0.008566 0.012434 2.960001;16.297905 0.000000 0.000000;-78152.648438 21.043211 0.000000
0.008911 0.012434 2.960001;11.717882 0.000000 0.000000;-54059.062500 6.099289 0.000000
0.009188 0.012434 2.960001;10.731420 0.000000 0.000000;-47928.460938 2.341619 0.000000
