8
1
1
20
-1.000000 -1.000000
-1.000000 0.000000
-1.000000 1.000000
0.000000 -1.000000
0.000000 1.000000
1.000000 -1.000000
1.000000 0.000000
1.000000 1.000000
60
0 0
0 1
0 2
1 0
1 2
2 0
2 1
2 2
1 1
-nan -nan -nan
-nan -nan -nan
0 0
0 1
0 2
1 0
1 2
2 0
2 1
2 2
1 1
0.007280 0.016400 0.000000
-nan -nan -nan
0 0
0 1
0 2
1 0
1 2
2 0
2 1
2 2
1 1
0.007760 0.016747 0.000000
-nan -nan -nan
0 0
0 1
0 2
1 0
1 2
2 0
2 1
2 2
1 1
0.008272 0.017099 0.000000
-nan -nan -nan
0 0
0 1
0 2
1 0
1 2
2 0
2 1
2 2
1 1
0.008816 0.017473 0.000000
-nan -nan -nan
0 0
0 1
0 2
1 0
1 2
2 0
2 1
2 2
1 1
0.009392 0.017850 0.000000
-nan -nan -nan
0 0
0 1
0 2
1 0
1 2
2 0
2 1
2 2
1 1
0.010629 0.018639 0.000000
-nan -nan -nan
0 0
0 1
0 2
1 0
1 2
2 0
2 1
2 2
1 1
0.011755 0.019160 0.000000
-nan -nan -nan
0 0
0 1
0 2
1 0
1 2
2 0
2 1
2 2
1 1
0.015481 0.020954 0.000000
-nan -nan -nan
0 1
0 2
0 3
1 1
1 3
2 1
2 2
2 3
1 2
0.016725 0.021176 0.000000
-nan -nan -nan
0 1
0 2
0 3
1 1
1 3
2 1
2 2
2 3
1 2
0.020283 0.022342 0.000000
-nan -nan -nan
1 1
1 2
1 3
2 1
2 3
3 1
3 2
3 3
2 2
0.022866 0.022491 0.000000
-nan -nan -nan
1 1
1 2
1 3
2 1
2 3
3 1
3 2
3 3
2 2
0.024358 0.022346 0.000000
-nan -nan -nan
1 1
1 2
1 3
2 1
2 3
3 1
3 2
3 3
2 2
0.025392 0.021696 0.000000
-nan -nan -nan
1 1
1 2
1 3
2 1
2 3
3 1
3 2
3 3
2 2
0.026381 0.021024 0.000000
-nan -nan -nan
1 1
1 2
1 3
2 1
2 3
3 1
3 2
3 3
2 2
0.027329 0.019864 0.000000
-nan -nan -nan
1 1
1 2
1 3
2 1
2 3
3 1
3 2
3 3
2 2
0.028007 0.018630 0.000000
-nan -nan -nan
1 1
1 2
1 3
2 1
2 3
3 1
3 2
3 3
2 2
0.028463 0.017910 0.000000
-nan -nan -nan
1 1
1 2
1 3
2 1
2 3
3 1
3 2
3 3
2 2
0.028963 0.016676 0.000000
-nan -nan -nan
1 1
1 2
1 3
2 1
2 3
3 1
3 2
3 3
2 2
0.028796 0.015174 0.000000
-0.012170 -0.205942 0.000000
1 1
1 2
1 3
2 1
2 3
3 1
3 2
3 3
2 2
0.028655 0.014003 0.000000
-0.032558 -0.211077 0.000000
1 1
1 2
1 3
2 1
2 3
3 1
3 2
3 3
2 2
0.028065 0.012186 0.000000
-0.047721 -0.208595 0.000000
2 1
2 2
2 3
3 1
3 3
4 1
4 2
4 3
3 2
0.027037 0.010388 0.000000
-0.052288 -0.197275 0.000000
2 1
2 2
2 3
3 1
3 3
4 1
4 2
4 3
3 2
0.026289 0.009173 0.000000
-0.049509 -0.186348 0.000000
2 1
2 2
2 3
3 1
3 3
4 1
4 2
4 3
3 2
0.025803 0.008193 0.000000
-0.044163 -0.176265 0.000000
2 1
2 2
2 3
3 1
3 3
4 1
4 2
4 3
3 2
0.025288 0.007164 0.000000
-0.035843 -0.163759 0.000000
2 1
2 2
2 3
3 1
3 3
4 1
4 2
4 3
3 2
0.024726 0.005714 0.000000
-0.020130 -0.143856 0.000000
2 2
2 3
2 4
3 2
3 4
4 2
4 3
4 4
3 3
0.024583 0.004809 0.000000
-0.008328 -0.129737 0.000000
2 2
2 3
2 4
3 2
3 4
4 2
4 3
4 4
3 3
0.024593 0.004003 0.000000
0.002269 -0.115737 0.000000
2 2
2 3
2 4
3 2
3 4
4 2
4 3
4 4
3 3
0.024662 0.003649 0.000000
0.007298 -0.108366 0.000000
2 2
2 3
2 4
3 2
3 4
4 2
4 3
4 4
3 3
0.024940 0.002984 0.000000
0.016500 -0.092994 0.000000
2 2
2 3
2 4
3 2
3 4
4 2
4 3
4 4
3 3
0.025342 0.002413 0.000000
0.023914 -0.076057 0.000000
2 2
2 3
2 4
3 2
3 4
4 2
4 3
4 4
3 3
0.026085 0.001738 0.000000
0.030526 -0.047270 0.000000
2 2
2 3
2 4
3 2
3 4
4 2
4 3
4 4
3 3
0.026674 0.001440 0.000000
0.031225 -0.025711 0.000000
3 2
3 3
3 4
4 2
4 4
5 2
5 3
5 4
4 3
0.027470 0.001239 0.000000
0.026770 0.009347 0.000000
3 2
3 3
3 4
4 2
4 4
5 2
5 3
5 4
4 3
0.027715 0.001381 0.000000
0.014800 0.046427 0.000000
3 2
3 3
3 4
4 2
4 4
5 2
5 3
5 4
4 3
0.027696 0.001886 0.000000
-0.000120 0.081799 0.000000
3 2
3 3
3 4
4 2
4 4
5 2
5 3
5 4
4 3
0.027461 0.002745 0.000000
-0.015915 0.112406 0.000000
3 2
3 3
3 4
4 2
4 4
5 2
5 3
5 4
4 3
0.027172 0.003506 0.000000
-0.026020 0.128709 0.000000
3 2
3 3
3 4
4 2
4 4
5 2
5 3
5 4
4 3
0.026852 0.004386 0.000000
-0.035594 0.141275 0.000000
3 2
3 3
3 4
4 2
4 4
5 2
5 3
5 4
4 3
0.026644 0.005374 0.000000
-0.045007 0.150635 0.000000
3 2
3 3
3 4
4 2
4 4
5 2
5 3
5 4
4 3
0.026403 0.006446 0.000000
-0.054271 0.155614 0.000000
3 2
3 3
3 4
4 2
4 4
5 2
5 3
5 4
4 3
0.026172 0.007759 0.000000
-0.065448 0.155001 0.000000
3 2
3 3
3 4
4 2
4 4
5 2
5 3
5 4
4 3
0.026023 0.009089 0.000000
-0.077806 0.149212 0.000000
3 2
3 3
3 4
4 2
4 4
5 2
5 3
5 4
4 3
0.025750 0.010325 0.000000
-0.091134 0.136608 0.000000
3 2
3 3
3 4
4 2
4 4
5 2
5 3
5 4
4 3
0.025262 0.011871 0.000000
-0.110312 0.110802 0.000000
4 2
4 3
4 4
5 2
5 4
6 2
6 3
6 4
5 3
0.024746 0.012350 0.000000
-0.118009 0.094533 0.000000
4 2
4 3
4 4
5 2
5 4
6 2
6 3
6 4
5 3
0.023534 0.013269 0.000000
-0.135537 0.052134 0.000000
4 2
4 3
4 4
5 2
5 4
6 2
6 3
6 4
5 3
0.022833 0.013293 0.000000
-0.139407 0.034847 0.000000
4 2
4 3
4 4
5 2
5 4
6 2
6 3
6 4
5 3
0.021174 0.013116 0.000000
-0.145406 -0.003761 0.000000
4 2
4 3
4 4
5 2
5 4
6 2
6 3
6 4
5 3
0.020212 0.012682 0.000000
-0.142817 -0.015653 0.000000
4 2
4 3
4 4
5 2
5 4
6 2
6 3
6 4
5 3
0.019023 0.012086 0.000000
-0.139198 -0.031530 0.000000
4 2
4 3
4 4
5 2
5 4
6 2
6 3
6 4
5 3
0.017624 0.011255 0.000000
-0.131962 -0.045506 0.000000
4 2
4 3
4 4
5 2
5 4
6 2
6 3
6 4
5 3
0.016932 0.010728 0.000000
-0.126931 -0.049812 0.000000
4 2
4 3
4 4
5 2
5 4
6 2
6 3
6 4
5 3
0.016015 0.010006 0.000000
-0.119661 -0.055116 0.000000
4 2
4 3
4 4
5 2
5 4
6 2
6 3
6 4
5 3
0.015675 0.009741 0.000000
-0.116819 -0.056258 0.000000
4 2
4 3
4 4
5 2
5 4
6 2
6 3
6 4
5 3
0.015457 0.009572 0.000000
-0.114903 -0.056995 0.000000
4 2
4 3
4 4
5 2
5 4
6 2
6 3
6 4
5 3
0.015166 0.009333 0.000000
-0.112262 -0.057879 0.000000
4 2
4 3
4 4
5 2
5 4
6 2
6 3
6 4
5 3
0.014706 0.008961 0.000000
-0.107945 -0.058944 0.000000
4 2
4 3
4 4
5 2
5 4
6 2
6 3
6 4
5 3
0.014442 0.008738 0.000000
-0.105451 -0.059254 0.000000
